0 0.15401953 0.15876376 0.12321563 0.14309907
0 0.29639369 0.16342083 0.12546957 0.14563929
0 0.43764087 0.16003387 0.12847483 0.14394581
0 0.58339594 0.16299746 0.12246431 0.14648603
0 0.72839970 0.16172735 0.12997746 0.14902625
0 0.87791134 0.15495343 0.12847483 0.13547841
0 0.15101427 0.46062659 0.11720511 0.14563929
0 0.30916604 0.46020322 0.12546957 0.14648603
0 0.44402705 0.40728196 0.14124718 0.25232854
0 0.58640120 0.46189670 0.14049587 0.14309907
0 0.73253193 0.46104996 0.14876033 0.14479255
0 0.90270473 0.45469941 0.18858002 0.15749365
0 0.14725770 0.85012701 0.10969196 0.14902625
0 0.29676935 0.75529213 0.12021037 0.16934801
0 0.43613824 0.72480948 0.12396694 0.16257409
0 0.58452292 0.74470787 0.12321563 0.14987299
0 0.73516153 0.80694327 0.12396694 0.16596105
0 0.89068370 0.86706181 0.15552216 0.11515665