0 0.04984051 0.04984051 0.08373206 0.08373206
0 0.14992026 0.04984051 0.08452951 0.08373206
0 0.25000000 0.04984051 0.08373206 0.08373206
0 0.35007974 0.04984051 0.08452951 0.08373206
0 0.45015949 0.04984051 0.08373206 0.08373206
0 0.54984051 0.04984051 0.08373206 0.08373206
0 0.64992026 0.04984051 0.08452951 0.08373206
0 0.75000000 0.04984051 0.08373206 0.08373206
0 0.85007974 0.04984051 0.08452951 0.08373206
0 0.95015949 0.04984051 0.08373206 0.08373206
0 0.04984051 0.14992026 0.08373206 0.08452951
0 0.14992026 0.14992026 0.08452951 0.08452951
0 0.25000000 0.14992026 0.08373206 0.08452951
0 0.35007974 0.14992026 0.08452951 0.08452951
0 0.45015949 0.14992026 0.08373206 0.08452951
0 0.54984051 0.14992026 0.08373206 0.08452951
0 0.64992026 0.14992026 0.08452951 0.08452951
0 0.75000000 0.14992026 0.08373206 0.08452951
0 0.85007974 0.14992026 0.08452951 0.08452951
0 0.95015949 0.14992026 0.08373206 0.08452951
0 0.04984051 0.25000000 0.08373206 0.08373206
0 0.14992026 0.25000000 0.08452951 0.08373206
0 0.25000000 0.25000000 0.08373206 0.08373206
0 0.35007974 0.25000000 0.08452951 0.08373206
0 0.45015949 0.25000000 0.08373206 0.08373206
0 0.54984051 0.25000000 0.08373206 0.08373206
0 0.64992026 0.25000000 0.08452951 0.08373206
0 0.75000000 0.25000000 0.08373206 0.08373206
0 0.85007974 0.25000000 0.08452951 0.08373206
0 0.95015949 0.25000000 0.08373206 0.08373206
0 0.04984051 0.35007974 0.08373206 0.08452951
0 0.14992026 0.35007974 0.08452951 0.08452951
0 0.25000000 0.35007974 0.08373206 0.08452951
0 0.35007974 0.35007974 0.08452951 0.08452951
0 0.45015949 0.35007974 0.08373206 0.08452951
0 0.54984051 0.35007974 0.08373206 0.08452951
0 0.64992026 0.35007974 0.08452951 0.08452951
0 0.75000000 0.35007974 0.08373206 0.08452951
0 0.85007974 0.35007974 0.08452951 0.08452951
0 0.95015949 0.35007974 0.08373206 0.08452951
0 0.04984051 0.45015949 0.08373206 0.08373206
0 0.14992026 0.45015949 0.08452951 0.08373206
0 0.25000000 0.45015949 0.08373206 0.08373206
0 0.35007974 0.45015949 0.08452951 0.08373206
0 0.45015949 0.45015949 0.08373206 0.08373206
0 0.54984051 0.45015949 0.08373206 0.08373206
0 0.64992026 0.45015949 0.08452951 0.08373206
0 0.75000000 0.45015949 0.08373206 0.08373206
0 0.85007974 0.45015949 0.08452951 0.08373206
0 0.95015949 0.45015949 0.08373206 0.08373206
0 0.04984051 0.54984051 0.08373206 0.08373206
0 0.14992026 0.54984051 0.08452951 0.08373206
0 0.25000000 0.54984051 0.08373206 0.08373206
0 0.35007974 0.54984051 0.08452951 0.08373206
0 0.45015949 0.54984051 0.08373206 0.08373206
0 0.54984051 0.54984051 0.08373206 0.08373206
0 0.64992026 0.54984051 0.08452951 0.08373206
0 0.75000000 0.54984051 0.08373206 0.08373206
0 0.85007974 0.54984051 0.08452951 0.08373206
0 0.95015949 0.54984051 0.08373206 0.08373206
0 0.04984051 0.64992026 0.08373206 0.08452951
0 0.14992026 0.64992026 0.08452951 0.08452951
0 0.25000000 0.64992026 0.08373206 0.08452951
0 0.35007974 0.64992026 0.08452951 0.08452951
0 0.45015949 0.64992026 0.08373206 0.08452951
0 0.54984051 0.64992026 0.08373206 0.08452951
0 0.64992026 0.64992026 0.08452951 0.08452951
0 0.75000000 0.64992026 0.08373206 0.08452951
0 0.85007974 0.64992026 0.08452951 0.08452951
0 0.95015949 0.64992026 0.08373206 0.08452951
0 0.04984051 0.75000000 0.08373206 0.08373206
0 0.14992026 0.75000000 0.08452951 0.08373206
0 0.25000000 0.75000000 0.08373206 0.08373206
0 0.35007974 0.75000000 0.08452951 0.08373206
0 0.45015949 0.75000000 0.08373206 0.08373206
0 0.54984051 0.75000000 0.08373206 0.08373206
0 0.64992026 0.75000000 0.08452951 0.08373206
0 0.75000000 0.75000000 0.08373206 0.08373206
0 0.85007974 0.75000000 0.08452951 0.08373206
0 0.95015949 0.75000000 0.08373206 0.08373206
0 0.04984051 0.85007974 0.08373206 0.08452951
0 0.14992026 0.85007974 0.08452951 0.08452951
0 0.25000000 0.85007974 0.08373206 0.08452951
0 0.35007974 0.85007974 0.08452951 0.08452951
0 0.45015949 0.85007974 0.08373206 0.08452951
0 0.54984051 0.85007974 0.08373206 0.08452951
0 0.64992026 0.85007974 0.08452951 0.08452951
0 0.75000000 0.85007974 0.08373206 0.08452951
0 0.85007974 0.85007974 0.08452951 0.08452951
0 0.95015949 0.85007974 0.08373206 0.08452951
0 0.04984051 0.95015949 0.08373206 0.08373206
0 0.14992026 0.95015949 0.08452951 0.08373206
0 0.25000000 0.95015949 0.08373206 0.08373206
0 0.35007974 0.95015949 0.08452951 0.08373206
0 0.45015949 0.95015949 0.08373206 0.08373206
0 0.54984051 0.95015949 0.08373206 0.08373206
0 0.64992026 0.95015949 0.08452951 0.08373206
0 0.75000000 0.95015949 0.08373206 0.08373206
0 0.85007974 0.95015949 0.08452951 0.08373206
0 0.95015949 0.95015949 0.08373206 0.08373206