0 0.14912281 0.05462520 0.05582137 0.07575758
0 0.24920255 0.05382775 0.05980861 0.07735247
0 0.34968102 0.05303030 0.05661882 0.08054226
0 0.45015949 0.05303030 0.05661882 0.07894737
0 0.53987241 0.05582137 0.07974482 0.08452951
0 0.65191388 0.05622010 0.05023923 0.07256778
0 0.75159490 0.05263158 0.05980861 0.07974482
0 0.84051037 0.05542265 0.07974482 0.08373206
0 0.93939394 0.05382775 0.07814992 0.07735247
0 0.14952153 0.14712919 0.05661882 0.07575758
0 0.24880383 0.14633174 0.06060606 0.07735247
0 0.33971292 0.14712919 0.08293461 0.07575758
0 0.45015949 0.15071770 0.05502392 0.06858054
0 0.53748006 0.14473684 0.07496013 0.08692185
0 0.65151515 0.14553429 0.05422648 0.07894737
0 0.75159490 0.14673046 0.05502392 0.07496013
0 0.84051037 0.14792663 0.07974482 0.08054226
0 0.94059011 0.14473684 0.08054226 0.08692185
0 0.14912281 0.23604466 0.05582137 0.07655502
0 0.24760766 0.23644338 0.05661882 0.07575758
0 0.33692185 0.23843700 0.07735247 0.07814992
0 0.45015949 0.23205742 0.06618820 0.08452951
0 0.54186603 0.23564593 0.08373206 0.08532695
0 0.64274322 0.23803828 0.08452951 0.08054226
0 0.75199362 0.23684211 0.06698565 0.07655502
0 0.84290271 0.23763955 0.08452951 0.08133971
0 0.93899522 0.23405104 0.07735247 0.08851675
0 0.14912281 0.32615630 0.05741627 0.07814992
0 0.24880383 0.32615630 0.05901116 0.07814992
0 0.33771930 0.32456140 0.07894737 0.08612440
0 0.45055821 0.32775120 0.05582137 0.07496013
0 0.54027113 0.32535885 0.08054226 0.08452951
0 0.65191388 0.32695375 0.05980861 0.07655502
0 0.75159490 0.32735247 0.07735247 0.07575758
0 0.84051037 0.32735247 0.07974482 0.08054226
0 0.93979266 0.32575758 0.07894737 0.08373206
0 0.14912281 0.41626794 0.04944179 0.07496013
0 0.24880383 0.41586922 0.05422648 0.07735247
0 0.34051037 0.41228070 0.08452951 0.08612440
0 0.45095694 0.41586922 0.05661882 0.07735247
0 0.53987241 0.41467305 0.07974482 0.08293461
0 0.64035088 0.41666667 0.07974482 0.07416268
0 0.75039872 0.41148325 0.04784689 0.08452951
0 0.84250399 0.41347687 0.08373206 0.08851675
0 0.94218501 0.41547049 0.08373206 0.08452951
0 0.14912281 0.54984051 0.06698565 0.16826156
0 0.24880383 0.55342903 0.06698565 0.16108453
0 0.34051037 0.55143541 0.08452951 0.17464115
0 0.45015949 0.55063796 0.06778309 0.16666667
0 0.54226475 0.55143541 0.08452951 0.17464115
0 0.65151515 0.55143541 0.06698565 0.16507177
0 0.75159490 0.55023923 0.06778309 0.16746411
0 0.84290271 0.55263158 0.08452951 0.17224880
0 0.93859649 0.55223285 0.07655502 0.17304625
0 0.14912281 0.73365231 0.05582137 0.15948963
0 0.24920255 0.73086124 0.06618820 0.16507177
0 0.34051037 0.72886762 0.08452951 0.17703349
0 0.45055821 0.73285486 0.05582137 0.16108453
0 0.54027113 0.73046252 0.08054226 0.17384370
0 0.65151515 0.73285486 0.06698565 0.16108453
0 0.75159490 0.73165869 0.06778309 0.16347687
0 0.83851675 0.73205742 0.07575758 0.16267943
0 0.94258373 0.72886762 0.08452951 0.17703349
0 0.14952153 0.86283892 0.04385965 0.07496013
0 0.24920255 0.86562998 0.04704944 0.06937799
0 0.33333333 0.86084530 0.07017544 0.07894737
0 0.45055821 0.86244019 0.05901116 0.07575758
0 0.53867624 0.86283892 0.07735247 0.08612440
0 0.63755981 0.86283892 0.07416268 0.07496013
0 0.75159490 0.86244019 0.04864434 0.07575758
0 0.83771930 0.86244019 0.07416268 0.08692185
0 0.94218501 0.86244019 0.08373206 0.08692185
0 0.15909091 0.94936204 0.06140351 0.08373206
0 0.24920255 0.96690590 0.05183413 0.04864434
0 0.33532695 0.95255183 0.07416268 0.09011164
0 0.46291866 0.94936204 0.07097289 0.08373206
0 0.54226475 0.95255183 0.08452951 0.09011164
0 0.65151515 0.95494418 0.04784689 0.07097289
0 0.74003190 0.94896332 0.06539075 0.08293461
0 0.83851675 0.95255183 0.07575758 0.09011164
0 0.93620415 0.95295056 0.07177033 0.08931419